- Jet Lab
- Date: 2025-11-19 17:15:29.158603
224547
224462
224554
224570
224494
224472
224602
224473
224611
224403
224516
224569
224451
224425
224613
224407
224493
224703
224428
224535
224661
224385
224508
224528
224586
224529
224410
224386
224463
224516
224448
224593
224383
224391
224409
224549

224455
224533
224311
224390
224449
224455
224543
224528
224578
224676
224457
224559
224452
224431
224416
224588
224417
224534
224377
224524
224422
224516
224488
224366
224450
224524
224480
224396
224681
224533
224439
224485
224567
224411
224530
224408
224485
224531
224336
224378
224542
224474
224413
224507
224478
224410
224467
224439
224381
224404
224433
224482
224394
224520
224456
224426
224397
224417
224400
224454
224471
224496
224360
224454
224602
224471
224527
224394
224447
224636

224370
224504
224319
224441
224408
224410
224366
224347
224294
224292
224379
224440
224287
224335
224389
224454
224318
224583
224269
224402
224367
224278
224475
224394
224425
224439
224263
224533
224507
224352
224243
224356
224449
224548
224342
224358
224511
224224
224394
224350
224455
224276
224293
224453
224288
224285
224352
224284
224225
224289
224267
224268
224463
224266
224549
224271
224322
224513
224268
224193
224506
224419
224171
224429
224226
224174
224483
224220
224297
224319
224281
224179
224290
224233
224244
224427
224259
224276
224284
224119
224300
224217
224186
224379
224210
224298
224377
224201
224210
224304
224327
224322
224315
224368
224316
224312
224299
224258
224544
224214
224288
224201
224194
224438
224117
224095
224285
224334
224260
224207
224168
224545
224209
224173
224182
224278
224258
224238
224255
224232
224103
224357
224337
224157
224215
224122
224043
224273
224155
224198
224198
224074
224186
224233
224299
224256
224228
224163
224176
224286
224160
224445
224279
224318
224183
224257
224246
224258
224221
224142
224309
224210
224267
224189
224319
224256
224325
224214
224192
224368
224145
224134
224154
224232
224134
224085
224199
224135
224254
224105
224203
224149
224302
224254
224201
224157
224166
224185
224239
224227
224200
224162
224314
224173
224188
224214
224160
224303
224148
224178
224292
224324
224241
224127
224363
224099
224155
224298
224099
224193
224287
224248
224292
224130
224204
224108
224188
224118
224137
224286
224192
224062
224263
224106
224149
224204
224253
224243
224173
224281
224033
224242
224257
224094
224210
224125
224118
224151
224131
224016
224131
224037
224200
224088
224164
224104
224171
224204
224096
224132
224025
224143
224205
224027
224141
224059
224017
224266
224202
224111
224093
224126
224248
224053
224105
224199
224082
224232
223985
224051
224090
224135
224138
224265
223978
224062
224155
224085
224016
224248
223987
224113
224077
224088
224083
224189
224090
224147
224110
224116
224115
223926
224109
224065
224000
223958
224003
223996
224118
224155
223973
224036
224007
224162
224243
223913
223998
224237
224099
224214
224113
224094
224108
224186
224079
223968
224164
223910
224191
224212
223984
224208
224035
224054
224159
224051
224111
224132
224108
224054
224058
224000
224211
223999
224076
223999
224144
224002
224061
224115
223904
223980
224138
223966
224073
223992
224049
224166
223949
224100
224018
224010
224172
223974
223909
224129
224013
224028
224013
223970
224078
224008
224101
223973
223928
223993
224027
224080

224034
224032
224035
224073
223982
224011
223931
224036
224089
223897
224022
223987
223910
224087
224071
223959
223964
224173
223959
223878
223999
223906
224024
223989
223896
223982
224100
223918
224039
224249
224048
223988
223955
