- Jet Lab
- Date: 2025-11-19 17:11:55.586047
215787
215810
215808
215813
215795
215807
215825
215802
215808
215808
215861
215811
215800
215818
215832
215770
215819
215741
215773
215806
215877
215752
215783
215790
215732
215769
215835
215810
215824
215884
215811
215798
215755
215811
215756
215785
215768
215850
215809
215801
215793
215804
215814
215771
215742
215834
215820
215792
215848
215807
215825
215778
215797
215806
215806
215787
215827
215814
215802
215834
215861
215803
215790
215770
215818
215825
215808
215797
215746
215790
215861
215835
215848
215821
215822
215764
215840
215804
215805
215783
215825
215812
215800
215804
215845
215785
215792
215833
215846
215806
215750
215793
215759
215810
215900
215853
215774
215784
215857
16773172
215802
215809
215865
215816
215819
215889
215814
215786
215795
215803
215797
215812
215784
215781
215793
215883
215801
215843
215781
215794
215821
215822
215810
215817
215817
215845
215832
215890
215799
215805
215794
215835
215856
215802
215725
215761
215757
215817
215803
215845
215800
215813
215814
215776
215820
215790
215786
215807
215777
215877
215826
215813
215841
215782
215755
215800
215824
215783
215840
215737
215759
215816
215842
215799
215829
215740
215866
215833
215832
215811
215825
215840
215771
215820
215771
215820
215715
215773
215828
215734
215780
215777
215783
16777215
215768
215750
215802
215773
215877
215756
215836
215771
215839
215815
215775
215802
215797
215769
215824
215779
215766
215815
215778
215779
215833
215801
215838
215852
215858
215806
215770
215746
215862
215813
215807
215807
215805
215773
215765
16777215
215782
215801
215818
215830
215857
215783
215780
215815
215791
215716
215849
215783
215762
215803
215778
215758
215787
215805
215835
215801
215798
215808
215836
215785
215824
215806
215796
215824
215822
215799
215813
215845
215814
215839
215832
215822
215794
215788
215757
215867
215808
215755
215851
215775
215800
215759
215852
215843
215848
215837
215789
215815
215817
215834
215782
215803
215749
215805
215869
215815
215792
215812
215772
215736
215744
215808
215823
215823
215828
215781
215782
215788
215847
215814
215822
215778
215786
215792
215801
215789
215816
215807
215827
215795
215853
215786
215858
215816
215778
215778
215792
215842
215818
215827
215794
215772
215826
215814
215814
215767
215815
215858
215726
215832
215735
215809
215759
215809
215810
215800
215809
215850
215759
215802
215846
215860
215833
215811
215875
215816
215761
215770
215869
215826
215781
215789
215854
215820
215797
215756
215734
215792
215806
215794
215759
215774
215752
215760
215817
215824
215837
215748
215803
215796
215685
215755
215753
215761
215808
215817
215821
215784
215786
215813
215777
215775
215787
215729
215780
215829
215728
215734
215798
215799
215777
215763
215766
215749
215733
215796
215819
215809
215870
215755
215809
215765
215790
215765
215762
215868
215768
215779
215815
215717
215775
215753
215803
215715
215773
215760
215790
215797
215794
215756
215796
215738
215800
215743
215794
215741
215818
215756
215819
215771
215778
215754
215806
215774
215745
215729
215751
215755
215784
215759
215780
215829
215821
215818
215779
215749
215778
215722
215781
215783
215820
215800
215783
215753
215777
215852
215784
215742
215775
215770
215793
215782
215789
215791
215801
215747
215729
215793
215796
215812
215756
215777
215857
215802
215809
215783
215822
215753
215731
215851
215818
215827
215758
215821
215809
215782
215770
215728
215789
215762
215793
215748
215794
215828
215778
215754
215737
215783
215795
215709
215696
215786
215755
215743
215733
215833
